(0.5, 100, 1000, 40, [100, 50], 0.75, -1.9154887)
(0.001, 500, 5000, 40, [100], 0.25, -1.8844463)
(0.01, 1000, 5000, 20, [50], 0.5, -1.8584565)
(0.001, 1000, 5000, 10, [50], 0.75, -1.9117159)
(0.5, 5000, 1000, 10, [100, 75], 0.75, -1.8900316)
(0.5, 5000, 5000, 10, [75], 0.5, -1.7396591)
(0.01, 100, 1000, 20, [100], 0.25, -1.8809862)
(0.001, 5000, 5000, 30, [100, 50], 0.5, -1.9099709)
(0.1, 1000, 5000, 20, [50], 0.5, -1.703191)
(0.1, 500, 1000, 40, [100, 75], 0.75, -1.8888484)
(0.1, 100, 5000, 10, [100, 75, 50], 0.5, -1.8732618)
(0.1, 100, 5000, 10, [75], 0.25, -1.7733277)
(0.01, 100, 1000, 20, [50], 0.75, -1.899115)
(0.1, 5000, 5000, 30, [50], 0.25, -1.6035721)
(0.5, 5000, 1000, 20, [100], 0.25, -1.8472869)
(0.001, 5000, 5000, 10, [100, 50], 0.5, -1.9095094)
(0.001, 100, 5000, 20, [100, 50], 0.75, -1.9186524)
(0.001, 500, 1000, 30, [100, 50], 0.5, -1.9411751)
(0.01, 1000, 1000, 30, [100, 50], 0.25, -1.8918272)
(0.01, 500, 5000, 10, [100, 75], 0.25, -1.8539664)
(0.5, 5000, 1000, 20, [100, 75, 50], 0.5, -1.8247498)
(0.1, 100, 1000, 10, [100], 0.75, -1.8927379)
(0.5, 500, 5000, 10, [100, 75, 50], 0.75, -1.8959721)
(0.001, 5000, 5000, 20, [75], 0.5, -1.9010662)
(0.01, 500, 1000, 30, [100, 50], 0.25, -1.8931849)

((0.5, 1000, 20, 5000, [100], 0.1), -1.6687218)
((0.5, 1000, 10, 10000, [100, 75], 0.2), -1.5200565)
((0.1, 10000, 20, 10000, [100, 75, 50], 0.1), -1.3834238)
((0.1, 5000, 40, 10000, [100], 0.4), -1.423691)
((0.1, 5000, 30, 5000, [100], 0.5), -1.6030443)
((0.1, 5000, 30, 10000, [100, 75, 50], 0.5), -1.5900764)
((0.5, 1000, 40, 10000, [100, 75], 0.2), -1.4001954)
((0.5, 10000, 30, 5000, [100, 75, 50], 0.3), -1.5199789)
((0.5, 1000, 40, 5000, [50], 0.5), -1.7418492)
((0.1, 10000, 40, 10000, [100, 75, 50], 0.2), -1.3552529)
((0.1, 10000, 10, 10000, [100, 50], 0.4), -1.6140229)
((0.5, 10000, 40, 20000, [100, 50], 0.5), nan)
((0.5, 10000, 40, 20000, [75], 0.4), nan)
((0.5, 5000, 40, 20000, [100, 50], 0.1), -1.3101256)
((0.5, 5000, 40, 5000, [100, 75], 0.3), -1.4780152)
((0.5, 5000, 40, 10000, [100, 75, 50], 0.1), -1.4225099)
((0.5, 1000, 40, 20000, [100, 50], 0.2), -1.3730804)
((0.1, 1000, 40, 10000, [100, 50], 0.2), -1.364319)
((0.1, 5000, 30, 20000, [100], 0.1), -1.3264557)
((0.5, 5000, 10, 20000, [100], 0.4), nan)
((0.5, 5000, 20, 10000, [100, 75], 0.2), -1.4281706)
((0.5, 1000, 20, 10000, [100, 75, 50], 0.1), -1.3661083)
((0.1, 1000, 10, 20000, [100, 75, 50], 0.2), -1.4038254)
((0.5, 10000, 10, 20000, [100], 0.3), nan)
((0.1, 1000, 30, 10000, [100], 0.1), -1.4203392)
((0.1, 5000, 30, 10000, [75], 0.5), -1.5332146)
((0.5, 10000, 30, 5000, [100, 75, 50], 0.2), -1.5964016)
((0.5, 1000, 40, 10000, [75], 0.4), -1.5908701)
((0.5, 10000, 20, 20000, [100], 0.2), nan)
((0.5, 5000, 10, 5000, [100, 75, 50], 0.5), nan)
((0.1, 10000, 40, 10000, [100, 75], 0.1), -1.3298447)
((0.5, 10000, 30, 10000, [100, 75, 50], 0.5), nan)
((0.5, 5000, 40, 10000, [100, 50], 0.4), nan)
((0.5, 10000, 40, 10000, [100], 0.2), -1.456248)
((0.5, 5000, 30, 10000, [100], 0.3), -1.5012306)
((0.5, 1000, 10, 10000, [75], 0.1), -1.4956559)
((0.5, 1000, 40, 5000, [75], 0.3), -1.6302911)
((0.1, 1000, 30, 20000, [100, 75, 50], 0.1), -1.2909853)
((0.5, 1000, 40, 5000, [75], 0.1), -1.5401416)
((0.1, 1000, 40, 5000, [100, 75, 50], 0.2), -1.5175301)
((0.5, 5000, 10, 10000, [100], 0.3), nan)
((0.1, 5000, 40, 20000, [100, 75], 0.5), nan)
((0.5, 10000, 20, 5000, [75], 0.4), -1.807242)
((0.1, 10000, 40, 5000, [100, 75, 50], 0.2), -1.4933929)
((0.5, 5000, 10, 5000, [50], 0.1), -1.7673827)
((0.5, 5000, 10, 20000, [100, 75, 50], 0.3), -1.4050725)
((0.1, 1000, 40, 10000, [100, 75, 50], 0.4), -1.4895288)
((0.5, 5000, 40, 10000, [100], 0.3), -1.4630302)
((0.1, 10000, 30, 5000, [100, 50], 0.2), -1.5365391)
((0.1, 5000, 30, 10000, [100, 75, 50], 0.3), -1.4476372)
((0.1, 5000, 20, 5000, [75], 0.5), -1.6568218)
((0.5, 5000, 30, 10000, [75], 0.5), -1.6895366)
((0.5, 5000, 20, 5000, [100, 75, 50], 0.3), -1.5231463)
((0.5, 5000, 10, 20000, [75], 0.4), nan)
((0.5, 1000, 40, 10000, [50], 0.4), -1.6864942)
((0.5, 1000, 20, 10000, [50], 0.3), -1.7141254)

learning rate (not used), batch size, player embedding, sweeps, hidden layers, dropout --> log likelihood
(1.0, 500, 40, 100, [100, 75, 50], 0.2) -1.17609
(1.0, 2000, 20, 100, [100, 75, 50], 0.1) -1.16492
(1.0, 1000, 30, 100, [100, 75, 50], 0.5) -1.2508
(1.0, 2000, 30, 100, [100, 75, 50], 0.5) -1.24547
(1.0, 1000, 30, 100, [100, 75, 50], 0.4) -1.2137
(1.0, 500, 30, 100, [100, 75, 50], 0.3) -1.199
(1.0, 2000, 30, 100, [100, 75, 50], 0.3) -1.18802
(1.0, 5000, 40, 100, [100, 75, 50], 0.2) -1.17002
(1.0, 5000, 40, 100, [100, 75, 50], 0.5) -1.23755
(1.0, 500, 40, 100, [100, 75, 50], 0.4) -1.22023
(1.0, 2000, 40, 100, [100, 75, 50], 0.3) -1.18546
(1.0, 1000, 40, 100, [100, 75, 50], 0.4) -1.21034
(1.0, 5000, 20, 100, [100, 75, 50], 0.2) -1.17484
(1.0, 2000, 30, 100, [100, 75, 50], 0.1) -1.16019
(1.0, 500, 20, 100, [100, 75, 50], 0.2) -1.182
(1.0, 1000, 20, 100, [100, 75, 50], 0.5) -1.26017
(1.0, 2000, 40, 100, [100, 75, 50], 0.5) -1.23506
(1.0, 500, 20, 100, [100, 75, 50], 0.5) -1.27577
(1.0, 5000, 30, 100, [100, 75, 50], 0.4) -1.20932
(1.0, 2000, 20, 100, [100, 75, 50], 0.4) -1.21363
(1.0, 500, 30, 100, [100, 75, 50], 0.4) -1.22378
(1.0, 5000, 40, 100, [100, 75, 50], 0.3) -1.18451
(1.0, 5000, 20, 100, [100, 75, 50], 0.4) -1.21377
(1.0, 1000, 40, 100, [100, 75, 50], 0.3) -1.18642
(1.0, 1000, 40, 100, [100, 75, 50], 0.5) -1.24407
(1.0, 5000, 30, 100, [100, 75, 50], 0.3) -1.1875
(1.0, 5000, 20, 100, [100, 75, 50], 0.1) -1.16267
(1.0, 5000, 40, 100, [100, 75, 50], 0.4) -1.20497
(1.0, 500, 40, 100, [100, 75, 50], 0.3) -1.19588
(1.0, 2000, 20, 100, [100, 75, 50], 0.5) -1.23952
(1.0, 2000, 40, 100, [100, 75, 50], 0.4) -1.20813
(1.0, 2000, 30, 100, [100, 75, 50], 0.4) -1.20792
(1.0, 2000, 40, 100, [100, 75, 50], 0.1) -1.15962

[289, 235, 337, 130, 177, 55]
-1.14593
[39, 35]
-1.19461
[56, 33]
-1.18799
[94, 101, 102, 118, 33]
-1.1706
[34]
-1.20051
[193, 208, 230, 20]
-1.15398
[357, 117, 107, 21]
-1.1509
[143, 62, 22]
-1.16695
[218, 81, 39, 30]
-1.16244
[308, 21]
-1.15746
[28]
-1.20481
[53, 21]
-1.19475
[27]
-1.20929
[298, 60, 55, 47, 21]
-1.16578
[75, 36]
-1.17694
[195, 33]
-1.16181
[51, 47, 58, 23]
-1.19592
[29]
-1.20753
[259, 88, 95, 26]
-1.15606
[225, 72, 21]
-1.16051
[37]
-1.19467
[131, 240, 29]
-1.15632
[29]
-1.20722
[23]
-1.21421
[47, 22]
-1.19383
[20]
-1.22314
[285, 75, 91, 104, 28]
-1.15818
[45, 35]
-1.19173
[345, 153, 156, 60, 39, 23]

